@cube
layout inv
P [(497, 1707), (497, 739)] [50,9,0]
P [(723, 1863), (723, 559)] [72,9,0]
B [(132, 1216), (1252, 1216), (1252, 2432), (132, 2432), (132, 1216)] [1,0]
B [(-1175, 2210), (-1140, 2210), (-1140, 2260), (-1175, 2260), (-1175, 2210)] [7,0]
B [(-2665, 1700), (-665, 1700), (-665, 2695), (-2665, 2695), (-2665, 1700)] [7,0]
P [(819, 1858), (819, 2257)] [50,7,0]
P [(627, 1858), (627, 2257)] [50,7,0]
P [(819, 159), (819, 608)] [50,7,0]
P [(627, 159), (627, 608)] [50,7,0]
B [(-113, 2419), (1559, 2419), (1559, 2429), (-113, 2429), (-113, 2419)] [175,2]
B [(-113, 2371), (1559, 2371), (1559, 2381), (-113, 2381), (-113, 2371)] [175,2]
B [(-113, 2323), (1559, 2323), (1559, 2333), (-113, 2333), (-113, 2323)] [175,2]
B [(-113, 2275), (1559, 2275), (1559, 2285), (-113, 2285), (-113, 2275)] [175,2]
B [(-113, 2227), (1559, 2227), (1559, 2237), (-113, 2237), (-113, 2227)] [175,2]
B [(-113, 2179), (1559, 2179), (1559, 2189), (-113, 2189), (-113, 2179)] [175,2]
B [(-113, 2131), (1559, 2131), (1559, 2141), (-113, 2141), (-113, 2131)] [175,2]
B [(-113, 2083), (1559, 2083), (1559, 2093), (-113, 2093), (-113, 2083)] [175,2]
B [(-113, 2035), (1559, 2035), (1559, 2045), (-113, 2045), (-113, 2035)] [175,2]
B [(-113, 1987), (1559, 1987), (1559, 1997), (-113, 1997), (-113, 1987)] [175,2]
B [(-113, 1939), (1559, 1939), (1559, 1949), (-113, 1949), (-113, 1939)] [175,2]
B [(-113, 1891), (1559, 1891), (1559, 1901), (-113, 1901), (-113, 1891)] [175,2]
B [(-113, 1843), (1559, 1843), (1559, 1853), (-113, 1853), (-113, 1843)] [175,2]
B [(-113, 1795), (1559, 1795), (1559, 1805), (-113, 1805), (-113, 1795)] [175,2]
B [(-113, 1747), (1559, 1747), (1559, 1757), (-113, 1757), (-113, 1747)] [175,2]
B [(-113, 1699), (1559, 1699), (1559, 1709), (-113, 1709), (-113, 1699)] [175,2]
B [(-113, 1651), (1559, 1651), (1559, 1661), (-113, 1661), (-113, 1651)] [175,2]
B [(-113, 1603), (1559, 1603), (1559, 1613), (-113, 1613), (-113, 1603)] [175,2]
B [(-113, 1555), (1559, 1555), (1559, 1565), (-113, 1565), (-113, 1555)] [175,2]
B [(-113, 1507), (1559, 1507), (1559, 1517), (-113, 1517), (-113, 1507)] [175,2]
B [(-113, 1459), (1559, 1459), (1559, 1469), (-113, 1469), (-113, 1459)] [175,2]
B [(-113, 1411), (1559, 1411), (1559, 1421), (-113, 1421), (-113, 1411)] [175,2]
B [(-113, 1363), (1559, 1363), (1559, 1373), (-113, 1373), (-113, 1363)] [175,2]
B [(-113, 1315), (1559, 1315), (1559, 1325), (-113, 1325), (-113, 1315)] [175,2]
B [(-113, 1267), (1559, 1267), (1559, 1277), (-113, 1277), (-113, 1267)] [175,2]
B [(-113, 1219), (1559, 1219), (1559, 1229), (-113, 1229), (-113, 1219)] [175,2]
B [(-113, 1171), (1559, 1171), (1559, 1181), (-113, 1181), (-113, 1171)] [175,2]
B [(-113, 1123), (1559, 1123), (1559, 1133), (-113, 1133), (-113, 1123)] [175,2]
B [(-113, 1075), (1559, 1075), (1559, 1085), (-113, 1085), (-113, 1075)] [175,2]
B [(-113, 1027), (1559, 1027), (1559, 1037), (-113, 1037), (-113, 1027)] [175,2]
B [(-113, 979), (1559, 979), (1559, 989), (-113, 989), (-113, 979)] [175,2]
B [(-113, 931), (1559, 931), (1559, 941), (-113, 941), (-113, 931)] [175,2]
B [(-113, 883), (1559, 883), (1559, 893), (-113, 893), (-113, 883)] [175,2]
B [(-113, 835), (1559, 835), (1559, 845), (-113, 845), (-113, 835)] [175,2]
B [(-113, 787), (1559, 787), (1559, 797), (-113, 797), (-113, 787)] [175,2]
B [(-113, 739), (1559, 739), (1559, 749), (-113, 749), (-113, 739)] [175,2]
B [(-113, 691), (1559, 691), (1559, 701), (-113, 701), (-113, 691)] [175,2]
B [(-113, 643), (1559, 643), (1559, 653), (-113, 653), (-113, 643)] [175,2]
B [(-113, 595), (1559, 595), (1559, 605), (-113, 605), (-113, 595)] [175,2]
B [(-113, 547), (1559, 547), (1559, 557), (-113, 557), (-113, 547)] [175,2]
B [(-113, 499), (1559, 499), (1559, 509), (-113, 509), (-113, 499)] [175,2]
B [(-113, 451), (1559, 451), (1559, 461), (-113, 461), (-113, 451)] [175,2]
B [(-113, 403), (1559, 403), (1559, 413), (-113, 413), (-113, 403)] [175,2]
B [(-113, 355), (1559, 355), (1559, 365), (-113, 365), (-113, 355)] [175,2]
B [(-113, 307), (1559, 307), (1559, 317), (-113, 317), (-113, 307)] [175,2]
B [(-113, 259), (1559, 259), (1559, 269), (-113, 269), (-113, 259)] [175,2]
B [(-113, 211), (1559, 211), (1559, 221), (-113, 221), (-113, 211)] [175,2]
B [(-113, 163), (1559, 163), (1559, 173), (-113, 173), (-113, 163)] [175,2]
B [(-113, 115), (1559, 115), (1559, 125), (-113, 125), (-113, 115)] [175,2]
B [(-113, 67), (1559, 67), (1559, 77), (-113, 77), (-113, 67)] [175,2]
B [(-113, 19), (1559, 19), (1559, 29), (-113, 29), (-113, 19)] [175,2]
B [(-113, -29), (1559, -29), (1559, -19), (-113, -19), (-113, -29)] [175,2]
B [(-113, -77), (1559, -77), (1559, -67), (-113, -67), (-113, -77)] [175,2]
B [(-113, -96), (1559, -96), (1559, 2448), (-113, 2448), (-113, -96)] [184,1]
B [(470, 1300), (530, 1300), (530, 1490), (470, 1490), (470, 1300)] [92,5]
B [(680, 1320), (760, 1320), (760, 1500), (680, 1500), (680, 1320)] [96,5]
I [(723, 579)] [M2_M1_CDNS_560242955921]
I [(565, 771)] [M2_M1_CDNS_560242955920]
I [(565, 1681)] [M2_M1_CDNS_560242955920]
I [(722, 1870)] [M2_M1_CDNS_560242955920]
I [(-2123, 120)] [PGR_CDNS_560242955923]
I [(667, 1776)] [p08_ckt_CDNS_560242955922]
I [(667, 480)] [n08_ckt_CDNS_560242955921]
I [(1969, 1350)] [NGR_CDNS_560242955920]
endlayout