@cubism
layout lvsft_nor_lv
B [(-126, 1738), (1138, 1738), (1138, 2144), (-126, 2144), (-126, 1738)] [14,0]
B [(-504, 0), (1484, 0), (1484, 2160), (-504, 2160), (-504, 0)] [127,2]
B [(-504, 2131), (1484, 2131), (1484, 2141), (-504, 2141), (-504, 2131)] [13,50]
B [(-504, 2083), (1484, 2083), (1484, 2093), (-504, 2093), (-504, 2083)] [13,50]
B [(-504, 2035), (1484, 2035), (1484, 2045), (-504, 2045), (-504, 2035)] [13,50]
B [(-504, 1987), (1484, 1987), (1484, 1997), (-504, 1997), (-504, 1987)] [13,50]
B [(-504, 1939), (1484, 1939), (1484, 1949), (-504, 1949), (-504, 1939)] [13,50]
B [(-504, 1891), (1484, 1891), (1484, 1901), (-504, 1901), (-504, 1891)] [13,50]
B [(-504, 1843), (1484, 1843), (1484, 1853), (-504, 1853), (-504, 1843)] [13,50]
B [(-504, 1795), (1484, 1795), (1484, 1805), (-504, 1805), (-504, 1795)] [13,50]
B [(-504, 1747), (1484, 1747), (1484, 1757), (-504, 1757), (-504, 1747)] [13,50]
B [(-504, 1699), (1484, 1699), (1484, 1709), (-504, 1709), (-504, 1699)] [13,50]
B [(-504, 1651), (1484, 1651), (1484, 1661), (-504, 1661), (-504, 1651)] [13,50]
B [(-504, 1603), (1484, 1603), (1484, 1613), (-504, 1613), (-504, 1603)] [13,50]
B [(-504, 1555), (1484, 1555), (1484, 1565), (-504, 1565), (-504, 1555)] [13,50]
B [(-504, 1507), (1484, 1507), (1484, 1517), (-504, 1517), (-504, 1507)] [13,50]
B [(-504, 1459), (1484, 1459), (1484, 1469), (-504, 1469), (-504, 1459)] [13,50]
B [(-504, 1411), (1484, 1411), (1484, 1421), (-504, 1421), (-504, 1411)] [13,50]
B [(-504, 1363), (1484, 1363), (1484, 1373), (-504, 1373), (-504, 1363)] [13,50]
B [(-504, 1315), (1484, 1315), (1484, 1325), (-504, 1325), (-504, 1315)] [13,50]
B [(-504, 1267), (1484, 1267), (1484, 1277), (-504, 1277), (-504, 1267)] [13,50]
B [(-504, 1219), (1484, 1219), (1484, 1229), (-504, 1229), (-504, 1219)] [13,50]
B [(-504, 1171), (1484, 1171), (1484, 1181), (-504, 1181), (-504, 1171)] [13,50]
B [(-504, 1123), (1484, 1123), (1484, 1133), (-504, 1133), (-504, 1123)] [13,50]
B [(-504, 1075), (1484, 1075), (1484, 1085), (-504, 1085), (-504, 1075)] [13,50]
B [(-504, 1027), (1484, 1027), (1484, 1037), (-504, 1037), (-504, 1027)] [13,50]
B [(-504, 979), (1484, 979), (1484, 989), (-504, 989), (-504, 979)] [13,50]
B [(-504, 931), (1484, 931), (1484, 941), (-504, 941), (-504, 931)] [13,50]
B [(-504, 883), (1484, 883), (1484, 893), (-504, 893), (-504, 883)] [13,50]
B [(-504, 835), (1484, 835), (1484, 845), (-504, 845), (-504, 835)] [13,50]
B [(-504, 787), (1484, 787), (1484, 797), (-504, 797), (-504, 787)] [13,50]
B [(-504, 739), (1484, 739), (1484, 749), (-504, 749), (-504, 739)] [13,50]
B [(-504, 691), (1484, 691), (1484, 701), (-504, 701), (-504, 691)] [13,50]
B [(-504, 643), (1484, 643), (1484, 653), (-504, 653), (-504, 643)] [13,50]
B [(-504, 595), (1484, 595), (1484, 605), (-504, 605), (-504, 595)] [13,50]
B [(-504, 547), (1484, 547), (1484, 557), (-504, 557), (-504, 547)] [13,50]
B [(-504, 499), (1484, 499), (1484, 509), (-504, 509), (-504, 499)] [13,50]
B [(-504, 451), (1484, 451), (1484, 461), (-504, 461), (-504, 451)] [13,50]
B [(-504, 403), (1484, 403), (1484, 413), (-504, 413), (-504, 403)] [13,50]
B [(-504, 355), (1484, 355), (1484, 365), (-504, 365), (-504, 355)] [13,50]
B [(-504, 307), (1484, 307), (1484, 317), (-504, 317), (-504, 307)] [13,50]
B [(-504, 67), (1484, 67), (1484, 77), (-504, 77), (-504, 67)] [13,50]
B [(-504, 19), (1484, 19), (1484, 29), (-504, 29), (-504, 19)] [13,50]
B [(-504, 211), (1484, 211), (1484, 221), (-504, 221), (-504, 211)] [13,50]
B [(-504, 259), (1484, 259), (1484, 269), (-504, 269), (-504, 259)] [13,50]
B [(-504, 115), (1484, 115), (1484, 125), (-504, 125), (-504, 115)] [13,50]
B [(-504, 163), (1484, 163), (1484, 173), (-504, 173), (-504, 163)] [13,50]
B [(-454, 16), (1418, 16), (1418, 2144), (-454, 2144), (-454, 16)] [89,194]
P [(410, 1444), (410, 1715), (218, 1715), (218, 1502)] [50,61,0]
P [(602, 1364), (602, 1715), (794, 1715), (794, 1364)] [50,61,0]
B [(289, 1364), (339, 1364), (339, 1610), (289, 1610), (289, 1364)] [61,0]
P [(457, 742), (457, 1181)] [72,61,0]
P [(262, 1295), (262, 872)] [72,61,0]
P [(312, 760), (604, 760)] [72,61,0]
P [(646, 1299), (646, 872)] [72,61,0]
B [(193, 487), (243, 487), (243, 736), (193, 736), (193, 487)] [61,0]
P [(218, 733), (218, 258)] [50,62,0]
P [(216, 2064), (216, 1364)] [54,62,0]
P [(698, 1610), (698, 1287), (457, 1287), (457, 933)] [50,62,0]
P [(318, 1585), (510, 1585), (510, 1717), (819, 1717)] [50,62,0]
P [(698, 796), (698, 258)] [50,62,0]
I [(170, 1896)] [NGR_CDNS_561517964830,0,0]
I [(642, 672)] [n08_ckt_CDNS_561517964831,0,0]
I [(258, 1392)] [p08_ckt_CDNS_561517964832,0,0]
I [(642, 1392)] [p08_ckt_CDNS_561517964833,0,0]
I [(-214, 120)] [PGR_CDNS_561517964834,0,0]
I [(258, 672)] [n08_ckt_CDNS_561517964835,0,0]
I [(218, 1971)] [M2_M1_CDNS_561517964830,0,90.0]
I [(698, 195)] [M2_M1_CDNS_561517964830,0,90.0]
I [(218, 195)] [M2_M1_CDNS_561517964830,0,90.0]
I [(314, 1487)] [M2_M1_CDNS_561517964831,0,0]
I [(312, 1717)] [M2_M1_CDNS_561517964831,0,270.0]
I [(698, 673)] [M2_M1_CDNS_561517964831,0,0]
I [(262, 1056)] [M2_M1_CDNS_561517964831,0,0]
I [(218, 610)] [M2_M1_CDNS_561517964831,0,0]
I [(646, 1056)] [M2_M1_CDNS_561517964831,0,0]
I [(457, 1056)] [M2_M1_CDNS_561517964831,0,0]
I [(698, 1487)] [M2_M1_CDNS_561517964831,0,0]
I [(696, 1717)] [M2_M1_CDNS_561517964832,0,0]
endlayout