@cubism
layout p08_ckt_CDNS_561517964832
B [(16, 0), (96, 0), (96, 96), (16, 96), (16, 0)] [10,0]
B [(112, 0), (200, 0), (200, 96), (112, 96), (112, 0)] [10,0]
B [(-88, 0), (0, 0), (0, 96), (-88, 96), (-88, 0)] [10,0]
B [(96, 0), (112, 0), (112, 96), (96, 96), (96, 0)] [10,0]
B [(0, 0), (16, 0), (16, 96), (0, 96), (0, 0)] [10,0]
B [(-192, -192), (-176, -192), (-176, 256), (-192, 256), (-192, -192)] [30,0]
B [(96, -192), (112, -192), (112, 0), (96, 0), (96, -192)] [30,0]
B [(0, -192), (16, -192), (16, 0), (0, 0), (0, -192)] [30,0]
B [(96, 96), (112, 96), (112, 256), (96, 256), (96, 96)] [30,0]
B [(0, 96), (16, 96), (16, 256), (0, 256), (0, 96)] [30,0]
B [(192, -192), (208, -192), (208, 256), (192, 256), (192, -192)] [30,0]
B [(-96, -192), (-80, -192), (-80, 256), (-96, 256), (-96, -192)] [30,0]
B [(96, 0), (112, 0), (112, 96), (96, 96), (96, 0)] [30,0]
B [(0, 0), (16, 0), (16, 96), (0, 96), (0, 0)] [30,0]
B [(192, 0), (208, 0), (208, 96), (192, 96), (192, 0)] [89,154]
B [(-96, 0), (-80, 0), (-80, 96), (-96, 96), (-96, 0)] [89,154]
B [(-32, -141), (144, -141), (144, -91), (-32, -91), (-32, -141)] [61,0]
B [(127, -28), (177, -28), (177, 124), (127, 124), (127, -28)] [61,0]
B [(31, -28), (81, -28), (81, 124), (31, 124), (31, -28)] [61,0]
B [(-65, -28), (-15, -28), (-15, 124), (-65, 124), (-65, -28)] [61,0]
B [(40, -132), (72, -132), (72, -100), (40, -100), (40, -132)] [245,0]
B [(40, 32), (72, 32), (72, 64), (40, 64), (40, 32)] [245,0]
B [(136, 32), (168, 32), (168, 64), (136, 64), (136, 32)] [245,0]
B [(-56, 32), (-24, 32), (-24, 64), (-56, 64), (-56, 32)] [245,0]
B [(-258, -192), (274, -192), (274, 256), (-258, 256), (-258, -192)] [43,0]
B [(-156, -28), (-116, -28), (-116, 124), (-156, 124), (-156, -28)] [59,0]
B [(132, -28), (172, -28), (172, 124), (132, 124), (132, -28)] [59,0]
B [(36, -28), (76, -28), (76, 124), (36, 124), (36, -28)] [59,0]
B [(-60, -28), (-20, -28), (-20, 124), (-60, 124), (-60, -28)] [59,0]
B [(-232, -220), (248, -220), (248, -152), (-232, -152), (-232, -220)] [31,0]
B [(-232, 216), (258, 216), (258, 284), (-232, 284), (-232, 216)] [31,0]
B [(0, -136), (112, -136), (112, -96), (0, -96), (0, -136)] [208,0]
B [(-256, -52), (272, -52), (272, -4), (-256, -4), (-256, -52)] [246,0]
B [(-256, 100), (272, 100), (272, 148), (-256, 148), (-256, 100)] [246,0]
B [(-664, -192), (776, -192), (776, 256), (-664, 256), (-664, -192)] [89,194]
B [(-227, -216), (248, -216), (248, 280), (-227, 280), (-227, -216)] [159,167]
B [(-384, -409), (496, -409), (496, 505), (-384, 505), (-384, -409)] [14,0]
B [(-714, 547), (810, 547), (810, 557), (-714, 557), (-714, 547)] [13,50]
B [(-714, 499), (810, 499), (810, 509), (-714, 509), (-714, 499)] [13,50]
B [(-714, 451), (810, 451), (810, 461), (-714, 461), (-714, 451)] [13,50]
B [(-714, 403), (810, 403), (810, 413), (-714, 413), (-714, 403)] [13,50]
B [(-714, 355), (810, 355), (810, 365), (-714, 365), (-714, 355)] [13,50]
B [(-714, 307), (810, 307), (810, 317), (-714, 317), (-714, 307)] [13,50]
B [(-714, 259), (810, 259), (810, 269), (-714, 269), (-714, 259)] [13,50]
B [(-714, 211), (810, 211), (810, 221), (-714, 221), (-714, 211)] [13,50]
B [(-714, 163), (810, 163), (810, 173), (-714, 173), (-714, 163)] [13,50]
B [(-714, 115), (810, 115), (810, 125), (-714, 125), (-714, 115)] [13,50]
B [(-714, 67), (810, 67), (810, 77), (-714, 77), (-714, 67)] [13,50]
B [(-714, 19), (810, 19), (810, 29), (-714, 29), (-714, 19)] [13,50]
B [(-714, -29), (810, -29), (810, -19), (-714, -19), (-714, -29)] [13,50]
B [(-714, -77), (810, -77), (810, -67), (-714, -67), (-714, -77)] [13,50]
B [(-714, -125), (810, -125), (810, -115), (-714, -115), (-714, -125)] [13,50]
B [(-714, -173), (810, -173), (810, -163), (-714, -163), (-714, -173)] [13,50]
B [(-714, -221), (810, -221), (810, -211), (-714, -211), (-714, -221)] [13,50]
B [(-714, -269), (810, -269), (810, -259), (-714, -259), (-714, -269)] [13,50]
B [(-714, -317), (810, -317), (810, -307), (-714, -307), (-714, -317)] [13,50]
B [(-714, -365), (810, -365), (810, -355), (-714, -355), (-714, -365)] [13,50]
B [(-714, -413), (810, -413), (810, -403), (-714, -403), (-714, -413)] [13,50]
B [(-714, -461), (810, -461), (810, -451), (-714, -451), (-714, -461)] [13,50]
B [(-714, -480), (810, -480), (810, 576), (-714, 576), (-714, -480)] [127,2]
endlayout