@cubism
layout PGR_CDNS_561517964834
B [(208, -120), (1232, -120), (1232, 264), (208, 264), (208, -120)] [127,2]
B [(208, 235), (1232, 235), (1232, 245), (208, 245), (208, 235)] [13,50]
B [(208, 187), (1232, 187), (1232, 197), (208, 197), (208, 187)] [13,50]
B [(208, 139), (1232, 139), (1232, 149), (208, 149), (208, 139)] [13,50]
B [(208, 91), (1232, 91), (1232, 101), (208, 101), (208, 91)] [13,50]
B [(208, 43), (1232, 43), (1232, 53), (208, 53), (208, 43)] [13,50]
B [(208, -5), (1232, -5), (1232, 5), (208, 5), (208, -5)] [13,50]
B [(208, -53), (1232, -53), (1232, -43), (208, -43), (208, -53)] [13,50]
B [(208, -101), (1232, -101), (1232, -91), (208, -91), (208, -101)] [13,50]
B [(288, -24), (1152, -24), (1152, 168), (288, 168), (288, -24)] [10,0]
B [(1140, -84), (1164, -84), (1164, 228), (1140, 228), (1140, -84)] [30,0]
B [(1044, -84), (1068, -84), (1068, 228), (1044, 228), (1044, -84)] [30,0]
B [(948, -84), (972, -84), (972, 228), (948, 228), (948, -84)] [30,0]
B [(852, -84), (876, -84), (876, 228), (852, 228), (852, -84)] [30,0]
B [(756, -84), (780, -84), (780, 228), (756, 228), (756, -84)] [30,0]
B [(660, -84), (684, -84), (684, 228), (660, 228), (660, -84)] [30,0]
B [(564, -84), (588, -84), (588, 228), (564, 228), (564, -84)] [30,0]
B [(468, -84), (492, -84), (492, 228), (468, 228), (468, -84)] [30,0]
B [(372, -84), (396, -84), (396, 228), (372, 228), (372, -84)] [30,0]
B [(276, -84), (300, -84), (300, 228), (276, 228), (276, -84)] [30,0]
B [(1140, -24), (1164, -24), (1164, 168), (1140, 168), (1140, -24)] [89,154]
B [(1044, -24), (1068, -24), (1068, 168), (1044, 168), (1044, -24)] [89,154]
B [(948, -24), (972, -24), (972, 168), (948, 168), (948, -24)] [89,154]
B [(852, -24), (876, -24), (876, 168), (852, 168), (852, -24)] [89,154]
B [(756, -24), (780, -24), (780, 168), (756, 168), (756, -24)] [89,154]
B [(660, -24), (684, -24), (684, 168), (660, 168), (660, -24)] [89,154]
B [(564, -24), (588, -24), (588, 168), (564, 168), (564, -24)] [89,154]
B [(468, -24), (492, -24), (492, 168), (468, 168), (468, -24)] [89,154]
B [(372, -24), (396, -24), (396, 168), (372, 168), (372, -24)] [89,154]
B [(276, -24), (300, -24), (300, 168), (276, 168), (276, -24)] [89,154]
B [(1002, 105), (1110, 105), (1110, 145), (1002, 145), (1002, 105)] [208,0]
B [(906, 0), (1014, 0), (1014, 40), (906, 40), (906, 0)] [208,0]
B [(810, 105), (918, 105), (918, 145), (810, 145), (810, 105)] [208,0]
B [(714, 0), (822, 0), (822, 40), (714, 40), (714, 0)] [208,0]
B [(618, 105), (726, 105), (726, 145), (618, 145), (618, 105)] [208,0]
B [(522, 0), (630, 0), (630, 40), (522, 40), (522, 0)] [208,0]
B [(426, 105), (534, 105), (534, 145), (426, 145), (426, 105)] [208,0]
B [(330, 0), (438, 0), (438, 40), (330, 40), (330, 0)] [208,0]
B [(231, 188), (1209, 188), (1209, 256), (231, 256), (231, 188)] [31,0]
B [(231, -112), (1209, -112), (1209, -44), (231, -44), (231, -112)] [31,0]
B [(288, -24), (288, 168), (1152, 168), (1152, -24), (288, -24)] [61,0]
B [(1084, -48), (1124, -48), (1124, 192), (1084, 192), (1084, -48)] [59,0]
B [(988, -48), (1028, -48), (1028, 192), (988, 192), (988, -48)] [59,0]
B [(892, -48), (932, -48), (932, 192), (892, 192), (892, -48)] [59,0]
B [(796, -48), (836, -48), (836, 192), (796, 192), (796, -48)] [59,0]
B [(700, -48), (740, -48), (740, 192), (700, 192), (700, -48)] [59,0]
B [(604, -48), (644, -48), (644, 192), (604, 192), (604, -48)] [59,0]
B [(508, -48), (548, -48), (548, 192), (508, 192), (508, -48)] [59,0]
B [(412, -48), (452, -48), (452, 192), (412, 192), (412, -48)] [59,0]
B [(316, -48), (356, -48), (356, 192), (316, 192), (316, -48)] [59,0]
B [(1088, 116), (1120, 116), (1120, 148), (1088, 148), (1088, 116)] [245,0]
B [(1088, -4), (1120, -4), (1120, 28), (1088, 28), (1088, -4)] [245,0]
B [(992, 116), (1024, 116), (1024, 148), (992, 148), (992, 116)] [245,0]
B [(992, -4), (1024, -4), (1024, 28), (992, 28), (992, -4)] [245,0]
B [(896, 116), (928, 116), (928, 148), (896, 148), (896, 116)] [245,0]
B [(896, -4), (928, -4), (928, 28), (896, 28), (896, -4)] [245,0]
B [(800, 116), (832, 116), (832, 148), (800, 148), (800, 116)] [245,0]
B [(800, -4), (832, -4), (832, 28), (800, 28), (800, -4)] [245,0]
B [(704, 116), (736, 116), (736, 148), (704, 148), (704, 116)] [245,0]
B [(704, -4), (736, -4), (736, 28), (704, 28), (704, -4)] [245,0]
B [(608, 116), (640, 116), (640, 148), (608, 148), (608, 116)] [245,0]
B [(608, -4), (640, -4), (640, 28), (608, 28), (608, -4)] [245,0]
B [(512, 116), (544, 116), (544, 148), (512, 148), (512, 116)] [245,0]
B [(512, -4), (544, -4), (544, 28), (512, 28), (512, -4)] [245,0]
B [(416, 116), (448, 116), (448, 148), (416, 148), (416, 116)] [245,0]
B [(416, -4), (448, -4), (448, 28), (416, 28), (416, -4)] [245,0]
B [(320, 116), (352, 116), (352, 148), (320, 148), (320, 116)] [245,0]
B [(320, -4), (352, -4), (352, 28), (320, 28), (320, -4)] [245,0]
B [(208, -104), (1232, -104), (1232, 248), (208, 248), (208, -104)] [43,0]
B [(208, -104), (1232, -104), (1232, 248), (208, 248), (208, -104)] [89,194]
B [(201, -84), (1239, -84), (1239, 228), (201, 228), (201, -84)] [159,167]
endlayout