@cube
layout inv
B [(0, 4116), (1040, 4116), (1040, 5666), (0, 5666), (0, 4116)] [4,0]
B [(0, 1), (1040, 1), (1040, 1251), (0, 1251), (0, 1)] [5,0]
P [(290, 4541), (290, 826)] [260,9,0]
P [(750, 5304), (750, 297)] [260,9,0]
B [(455, 4484), (585, 4484), (585, 4630), (455, 4630), (455, 4484)] [3,0]
B [(455, 748), (585, 748), (585, 894), (455, 894), (455, 748)] [3,0]
P [(750, 4741), (750, 5311)] [260,7,0]
B [(347, 4281), (795, 4281), (795, 4541), (347, 4541), (347, 4281)] [7,0]
P [(290, 4741), (290, 5311)] [260,7,0]
B [(393, 826), (795, 826), (795, 1086), (393, 1086), (393, 826)] [7,0]
I [(455, 341)] [mn15$$185052204]
I [(75, 956)] [M1_M2$$185050156]
I [(75, 4411)] [M1_M2$$185050156]
I [(750, 281)] [M1_M2$$185049132]
I [(750, 5086)] [M1_M2$$185049132]
I [(520, 4426)] [POLY_M1$$185047084]
I [(520, 941)] [POLY_M1$$185047084]
I [(455, 4726)] [mp15$$185045036]
endlayout